1,2,100,true,false,1545854554307,1
1,2,100,true,false,1546459354307,1
3,2,70,true,true,1545854554307,2
4,4,140,true,true,1545854554307,2
5,2,50,true,true,1545854554307,3
6,4,100,true,false,1545854554307,3
7,2,90,false,true,1545854554307,4
8,4,180,false,false,1545854554307,4
9,2,90,false,false,1545854554307,5
10,4,180,false,false,1545854554307,5
11,2,80,true,false,1545854554307,6
12,4,160,true,false,1545854554307,6
1,2,100,true,false,1546459354307,1
1,2,100,true,false,1546459354307,1
1,2,100,true,false,1546459354307,1
1,2,100,true,false,1546360942052,1